t,S,I,R,run_id
0.0,98,1,0,1
0.025001654507981794,97,2,0,1
0.04335831452048523,96,3,0,1
0.1769782671138438,95,4,0,1
0.25944653117519817,94,5,0,1
0.3762097767626071,93,6,0,1
0.38929883685082434,92,7,0,1
0.4117170727049729,92,6,1,1
0.4966643722648236,91,7,1,1
0.5460992287660128,91,6,2,1
0.5650114282413827,90,7,2,1
0.5765155537723499,89,8,2,1
0.5860007272009473,88,9,2,1
0.6042622180145554,87,10,2,1
0.6324020037592203,87,9,3,1
0.6716352436989543,86,10,3,1
0.7616606150326692,85,11,3,1
0.7616667867901684,84,12,3,1
0.785427817628721,83,13,3,1
0.8110095420289134,83,12,4,1
0.8281986746786167,83,11,5,1
0.8306404546198386,82,12,5,1
0.8790173941851738,82,11,6,1
1.0168541454493434,82,10,7,1
1.0673411365484093,82,9,8,1
1.1320278251767462,81,10,8,1
1.1812357610637176,80,11,8,1
1.18351261625942,79,12,8,1
1.2165239649587267,78,13,8,1
1.2276340688780403,77,14,8,1
1.2464866106665011,77,13,9,1
1.2804558749336912,76,14,9,1
1.284419349375866,76,13,10,1
1.484841669466057,76,12,11,1
1.5031275691616268,75,13,11,1
1.537754590184591,74,14,11,1
1.5383610606690528,73,15,11,1
1.5409922639654647,72,16,11,1
1.5484018983222234,71,17,11,1
1.552725963471621,70,18,11,1
1.619251225006451,69,19,11,1
1.6205437063078447,69,18,12,1
1.6381494902340354,69,17,13,1
1.6554129722368895,69,16,14,1
1.671713698149652,68,17,14,1
1.7032371820489975,68,16,15,1
1.7125841838763085,68,15,16,1
1.737583502322222,68,14,17,1
1.7660632438484642,67,15,17,1
1.8194993261961216,67,14,18,1
1.825333593812096,67,13,19,1
1.888991009322065,66,14,19,1
2.049716027312242,66,13,20,1
2.099129713399647,65,14,20,1
2.1644773324942044,64,15,20,1
2.2667783731278055,64,14,21,1
2.3144836841577714,63,15,21,1
2.3575337096545756,63,14,22,1
2.3916257784706607,63,13,23,1
2.459796581197479,63,12,24,1
2.4855423131541183,63,11,25,1
2.4926907796192674,63,10,26,1
2.5507484263558253,63,9,27,1
2.668842686142022,63,8,28,1
2.7823673432477216,62,9,28,1
2.8103809123506838,61,10,28,1
2.8874145440437746,60,11,28,1
2.962552040468311,60,10,29,1
2.9668578196363584,60,9,30,1
3.048013082867705,60,8,31,1
3.050187029028877,59,9,31,1
3.080291560363373,59,8,32,1
3.156035053597611,59,7,33,1
3.2040564271492773,59,6,34,1
3.2106862553091156,59,5,35,1
3.2430572691708157,59,4,36,1
3.3692944023369664,59,3,37,1
3.51590906296697,58,4,37,1
3.5803729201610883,57,5,37,1
3.608944147763134,56,6,37,1
3.6387725298349274,56,5,38,1
3.743296276873706,55,6,38,1
3.769495214886483,55,5,39,1
3.8914537099748188,55,4,40,1
3.9913435979762375,55,3,41,1
4.142422793819712,54,4,41,1
4.224724256477647,53,5,41,1
4.541352055238886,53,4,42,1
4.568780720966355,53,3,43,1
4.602344393158433,53,2,44,1
4.6027863724479205,53,1,45,1
6.838799127826955,53,0,46,1
0.0,98,1,0,2
0.5811226707780417,97,2,0,2
0.6373108170251949,96,3,0,2
0.6641957408680462,95,4,0,2
0.852229696340909,94,5,0,2
0.9269882477052158,94,4,1,2
1.1327859749814486,94,3,2,2
1.2656978531461887,93,4,2,2
1.300628702265432,93,3,3,2
1.3082410315548114,92,4,3,2
1.379412033805532,92,3,4,2
1.4364290962794957,91,4,4,2
1.4533025011849452,90,5,4,2
1.4867779766282132,89,6,4,2
1.4984695475673162,88,7,4,2
1.503108372629246,87,8,4,2
1.524633163899748,86,9,4,2
1.5380475757095131,86,8,5,2
1.5575225644830666,85,9,5,2
1.59799399494018,84,10,5,2
1.623818831843672,83,11,5,2
1.691902658474839,82,12,5,2
1.7348984713926394,82,11,6,2
1.8545266373382328,82,10,7,2
1.9713914009520255,81,11,7,2
2.0146690628529176,81,10,8,2
2.0152654730823363,80,11,8,2
2.1051395628658014,79,12,8,2
2.1248616994558027,78,13,8,2
2.176545579006156,77,14,8,2
2.206480808292461,76,15,8,2
2.334376554375016,75,16,8,2
2.4057478717241634,74,17,8,2
2.4136664323346446,73,18,8,2
2.421712826491443,72,19,8,2
2.4366245051024276,72,18,9,2
2.5530214422919464,72,17,10,2
2.6206673829722953,71,18,10,2
2.6365869826191726,70,19,10,2
2.6459793681083603,70,18,11,2
2.664545998249611,70,17,12,2
2.6677376690023227,69,18,12,2
2.7232984905818727,69,17,13,2
2.7996091913909185,68,18,13,2
2.935753776620391,68,17,14,2
2.938175722253679,67,18,14,2
2.9496220443207344,67,17,15,2
2.982209052006891,66,18,15,2
3.0315176637842796,65,19,15,2
3.0695594855383637,65,18,16,2
3.0716204678443,65,17,17,2
3.0937140592784047,65,16,18,2
3.1015304138497752,65,15,19,2
3.162360789124016,65,14,20,2
3.3067066237689047,65,13,21,2
3.3369894063754297,65,12,22,2
3.4871664697817706,65,11,23,2
3.513211198890905,65,10,24,2
3.5629125839591005,65,9,25,2
3.5931580686885125,64,10,25,2
3.6869203841164486,64,9,26,2
3.7007494542181942,64,8,27,2
3.978590913169831,63,9,27,2
3.998794004767547,63,8,28,2
4.2289190150228055,63,7,29,2
4.421315821579212,63,6,30,2
4.5051445767085445,62,7,30,2
4.579988613837254,62,6,31,2
4.632370897581665,62,5,32,2
4.689719421064617,62,4,33,2
4.756889932520817,62,3,34,2
4.842733905283552,62,2,35,2
5.04161799717506,62,1,36,2
5.061728128114981,61,2,36,2
6.19728069916638,61,1,37,2
6.870233835469235,60,2,37,2
7.198694375578931,60,1,38,2
8.176424352640247,60,0,39,2
0.0,98,1,0,3
0.02112399867216017,97,2,0,3
0.08325784476198568,97,1,1,3
0.7656208311599831,97,0,2,3
0.0,98,1,0,4
0.23529452417051946,97,2,0,4
0.2859011993299262,96,3,0,4
0.33983618781039426,95,4,0,4
0.40867640446011094,94,5,0,4
0.4498186448415046,94,4,1,4
0.5339507918019184,93,5,1,4
0.5672795310110547,92,6,1,4
0.5925628584203132,91,7,1,4
0.6108185319507449,91,6,2,4
0.6715774420286373,90,7,2,4
0.8026276889545807,89,8,2,4
0.8066530327686192,88,9,2,4
0.8117818412871911,87,10,2,4
0.8673251917451232,86,11,2,4
0.8677552488006712,85,12,2,4
0.9040453676041783,85,11,3,4
0.9468234733434578,85,10,4,4
1.0466094076568457,84,11,4,4
1.0500645332972365,83,12,4,4
1.0623413720774273,83,11,5,4
1.065387286038308,82,12,5,4
1.1927414502807379,81,13,5,4
1.3189399455537008,81,12,6,4
1.321232201074761,80,13,6,4
1.3232487522269896,80,12,7,4
1.392640668919366,80,11,8,4
1.5208879937801367,80,10,9,4
1.5996469948506795,80,9,10,4
1.676292425988828,79,10,10,4
1.7628684223034485,79,9,11,4
1.7723752092108602,78,10,11,4
1.7751772233394463,78,9,12,4
1.8033669192259243,78,8,13,4
1.810482905699298,77,9,13,4
1.821767620629132,76,10,13,4
1.843020746369599,75,11,13,4
1.8624139107263586,75,10,14,4
1.9705687633138915,74,11,14,4
1.9706874179495757,73,12,14,4
2.1020414074698155,72,13,14,4
2.1053111169852787,72,12,15,4
2.1252672392870036,72,11,16,4
2.167148482262164,71,12,16,4
2.248244967910218,70,13,16,4
2.35559962201996,70,12,17,4
2.4228789292957247,69,13,17,4
2.505638788410791,68,14,17,4
2.532147349099203,67,15,17,4
2.535310768434811,67,14,18,4
2.539877276194082,66,15,18,4
2.562566650955702,65,16,18,4
2.5736959732328537,65,15,19,4
2.6186872941860635,65,14,20,4
2.709662119067153,64,15,20,4
2.8084987156341907,64,14,21,4
2.880524578498102,63,15,21,4
2.8941241976915113,63,14,22,4
2.897665535477353,62,15,22,4
3.0191046008828906,61,16,22,4
3.0824934602926666,61,15,23,4
3.17852850436972,60,16,23,4
3.1939869360674606,60,15,24,4
3.219906839329773,59,16,24,4
3.23819331603483,59,15,25,4
3.2701716404506063,59,14,26,4
3.353555934039715,59,13,27,4
3.4185238636115796,59,12,28,4
3.4214189224953286,59,11,29,4
3.427983460936114,59,10,30,4
3.5273696514116906,58,11,30,4
3.626524766336224,58,10,31,4
3.6979819390808673,58,9,32,4
3.920111139932835,58,8,33,4
4.446010708237461,58,7,34,4
4.968022565731941,58,6,35,4
5.041681882668973,58,5,36,4
5.046606122589627,58,4,37,4
5.352152076858067,58,3,38,4
5.6119935978587705,58,2,39,4
6.496554400822352,57,3,39,4
6.545415637500531,57,2,40,4
7.136468726535541,57,1,41,4
7.717082354204917,57,0,42,4
0.0,98,1,0,5
0.020740211696374387,97,2,0,5
0.11539137036468497,96,3,0,5
0.12611537554457322,95,4,0,5
0.1587769474831956,94,5,0,5
0.254499006516264,93,6,0,5
0.27029806607678414,92,7,0,5
0.2718301516828137,91,8,0,5
0.29436941523107885,91,7,1,5
0.3712063055423786,90,8,1,5
0.47240164332140416,89,9,1,5
0.5850059360995736,88,10,1,5
0.654357339524013,87,11,1,5
0.6740666281127431,86,12,1,5
0.7987147239218028,85,13,1,5
0.8006343283068207,84,14,1,5
0.8067682433509114,84,13,2,5
0.8292522358309952,84,12,3,5
0.8562044962838109,84,11,4,5
0.8751149031434717,84,10,5,5
0.9719958291641702,84,9,6,5
1.0406586154218147,84,8,7,5
1.1439659009999672,84,7,8,5
1.2535503216268697,84,6,9,5
1.3585206361353215,84,5,10,5
1.4142266074618473,84,4,11,5
1.4837675377444386,84,3,12,5
2.1315614930961484,84,2,13,5
2.2202726948178957,84,1,14,5
4.285940005434462,84,0,15,5
