t,S,I,R,run_id
0.0,98,1,0,1
0.053052512313833726,97,2,0,1
0.12795689038994018,96,3,0,1
0.1280530368889432,95,4,0,1
0.2835687366656738,94,5,0,1
0.29925399167279,93,6,0,1
0.3105864499150245,93,5,1,1
0.3469370507372149,92,6,1,1
0.4081246208399491,92,5,2,1
0.4297819264014136,91,6,2,1
0.4436372003114128,90,7,2,1
0.4657344466417707,89,8,2,1
0.4741255420660694,88,9,2,1
0.49523915361914567,87,10,2,1
0.5232082834464059,86,11,2,1
0.5416354733602731,85,12,2,1
0.5421877473542337,84,13,2,1
0.5501990021877552,83,14,2,1
0.5584590247300226,82,15,2,1
0.5611155667143968,81,16,2,1
0.5648468052456034,81,15,3,1
0.5656496002910789,80,16,3,1
0.5663688791057733,79,17,3,1
0.5753451143987172,78,18,3,1
0.5810165989331917,78,17,4,1
0.6040939292200616,78,16,5,1
0.6227811754141592,77,17,5,1
0.6342052544379658,76,18,5,1
0.6521400420120822,75,19,5,1
0.6590219766686269,74,20,5,1
0.6678910544709297,73,21,5,1
0.7296388398247998,72,22,5,1
0.7305139876460902,71,23,5,1
0.7376529208058555,70,24,5,1
0.7377305262844353,69,25,5,1
0.7466712613386853,68,26,5,1
0.7728756627379068,67,27,5,1
0.7808698855164721,66,28,5,1
0.8112148826062134,65,29,5,1
0.8125660200173251,64,30,5,1
0.8151899960139014,63,31,5,1
0.8324588136987733,62,32,5,1
0.8465463394000242,61,33,5,1
0.8511373716893069,60,34,5,1
0.8563843900018846,59,35,5,1
0.8681630946649155,59,34,6,1
0.895522020796518,59,33,7,1
0.9015023202780873,59,32,8,1
0.9098563529501704,58,33,8,1
0.9374403139566047,57,34,8,1
0.9380159113036468,56,35,8,1
0.9438564956708662,55,36,8,1
0.9582722015667048,54,37,8,1
0.9755613818775912,53,38,8,1
0.9814600168623793,53,37,9,1
0.9853954066518871,52,38,9,1
0.9902778126475485,51,39,9,1
0.9908172368912131,50,40,9,1
0.9926247357413328,49,41,9,1
0.994202355390446,48,42,9,1
0.9942131538941433,48,41,10,1
1.0029805785328043,47,42,10,1
1.004271032195344,47,41,11,1
1.0071487288525425,46,42,11,1
1.0173100877332997,45,43,11,1
1.0314414154396068,44,44,11,1
1.0316273088780168,43,45,11,1
1.0336385418772673,43,44,12,1
1.0399558980802106,42,45,12,1
1.0472677293454842,41,46,12,1
1.0548996139757083,41,45,13,1
1.0549922992134568,40,46,13,1
1.0751425940826378,39,47,13,1
1.0753497038099336,38,48,13,1
1.0859566267684009,37,49,13,1
1.0863239964810734,36,50,13,1
1.1092667744604403,35,51,13,1
1.116667840747621,35,50,14,1
1.1294371233472704,35,49,15,1
1.1319605054328015,34,50,15,1
1.1347374110858035,33,51,15,1
1.1487257477537662,32,52,15,1
1.1626215095819914,31,53,15,1
1.1681133781798385,30,54,15,1
1.178877074540983,29,55,15,1
1.21485516406062,28,56,15,1
1.2339719902388848,28,55,16,1
1.2442979462936339,27,56,16,1
1.2527665297699737,27,55,17,1
1.2662804834410992,27,54,18,1
1.267087164203744,27,53,19,1
1.2726262775640749,26,54,19,1
1.2801162337767449,25,55,19,1
1.3312159963359687,25,54,20,1
1.3437048099012827,25,53,21,1
1.345167427502785,24,54,21,1
1.3457734625857458,23,55,21,1
1.3488529427753273,23,54,22,1
1.3527280991429282,23,53,23,1
1.3719346344473222,22,54,23,1
1.376471206347294,22,53,24,1
1.3836731839747873,22,52,25,1
1.3948631322795284,22,51,26,1
1.4058417346918526,21,52,26,1
1.4131792437890585,21,51,27,1
1.4309842926479468,20,52,27,1
1.434721895176555,19,53,27,1
1.4368947918208128,18,54,27,1
1.4515704058489944,17,55,27,1
1.4598176349346703,16,56,27,1
1.490991682615768,15,57,27,1
1.5161434103118387,15,56,28,1
1.5206141015842531,14,57,28,1
1.5282735682928705,13,58,28,1
1.5734540636447096,12,59,28,1
1.6197600435962203,11,60,28,1
1.6277574931931404,11,59,29,1
1.6458247523573473,10,60,29,1
1.6565798416336517,10,59,30,1
1.6877001491770156,9,60,30,1
1.689411857919704,8,61,30,1
1.7104474987569778,7,62,30,1
1.7779232622401493,6,63,30,1
1.8237420239449287,6,62,31,1
1.8589749029238771,6,61,32,1
1.9260418737137415,6,60,33,1
1.9367050444799359,6,59,34,1
1.9447146162898223,6,58,35,1
1.9629800745982415,6,57,36,1
2.047722465004826,6,56,37,1
2.047938089885167,6,55,38,1
2.0658547218976246,6,54,39,1
2.1108080373106857,5,55,39,1
2.1331926915202724,5,54,40,1
2.194096626345727,5,53,41,1
2.197589268056354,5,52,42,1
2.2335011833429403,4,53,42,1
2.242213042671094,4,52,43,1
2.252403652215812,3,53,43,1
2.303889207982958,3,52,44,1
2.31108501650225,3,51,45,1
2.340265959926232,2,52,45,1
2.4069803960597387,1,53,45,1
2.421144988745673,1,52,46,1
2.481176303751635,1,51,47,1
2.4891753293535364,1,50,48,1
2.5011072014633804,1,49,49,1
2.538055236539691,1,48,50,1
2.5550993143414096,1,47,51,1
2.5662730840695516,1,46,52,1
2.574338557466299,1,45,53,1
2.5873247602787237,1,44,54,1
2.6454596981508582,1,43,55,1
2.6661446273678817,1,42,56,1
2.8957478277517046,1,41,57,1
3.0687946071109775,1,40,58,1
3.102700944549905,1,39,59,1
3.107708188826968,1,38,60,1
3.2512430752148154,1,37,61,1
3.521888442074488,1,36,62,1
3.5306700552850785,1,35,63,1
3.5566961146465017,0,36,63,1
3.5679625915351747,0,35,64,1
3.614569570749173,0,34,65,1
3.6287678868453477,0,33,66,1
3.707718722140537,0,32,67,1
3.7699966331326418,0,31,68,1
3.8721253196068552,0,30,69,1
3.907472659876314,0,29,70,1
3.913079192903181,0,28,71,1
4.0242196757352104,0,27,72,1
4.06041581604718,0,26,73,1
4.063950977905924,0,25,74,1
4.133056094475868,0,24,75,1
4.13616896007928,0,23,76,1
4.180822820151674,0,22,77,1
4.258290819356746,0,21,78,1
4.276322274475754,0,20,79,1
4.289311255341681,0,19,80,1
4.348887027283469,0,18,81,1
4.636229568697779,0,17,82,1
4.841409190800285,0,16,83,1
5.121698215377348,0,15,84,1
5.215110664433873,0,14,85,1
5.3343864235986915,0,13,86,1
5.56860297763675,0,12,87,1
5.620816842349087,0,11,88,1
5.676630634696069,0,10,89,1
6.006552725703173,0,9,90,1
6.283015104456069,0,8,91,1
6.37502315620103,0,7,92,1
6.630123336384421,0,6,93,1
6.655616292294881,0,5,94,1
7.028129508392264,0,4,95,1
7.319524438554764,0,3,96,1
7.443220637879894,0,2,97,1
7.747920563208353,0,1,98,1
8.117300868807737,0,0,99,1
0.0,98,1,0,2
0.3680851851882342,97,2,0,2
0.40564540819969613,96,3,0,2
0.5793002476111284,95,4,0,2
0.5814763823930749,94,5,0,2
0.587033379722267,93,6,0,2
0.6224511225851832,92,7,0,2
0.626399841622081,91,8,0,2
0.631942214723429,90,9,0,2
0.6320508417730252,89,10,0,2
0.6520133077994503,88,11,0,2
0.6640086273101332,87,12,0,2
0.6920326723786212,86,13,0,2
0.6976524904666728,85,14,0,2
0.7237540363416081,84,15,0,2
0.738747566630696,83,16,0,2
0.7398412910504365,82,17,0,2
0.749180073421421,81,18,0,2
0.7582978327581877,80,19,0,2
0.7589338683454443,79,20,0,2
0.7605591009246091,79,19,1,2
0.7770822176729058,78,20,1,2
0.7773983022626251,77,21,1,2
0.7795655809974995,76,22,1,2
0.7802543081055173,75,23,1,2
0.7836522991435023,74,24,1,2
0.7848511639025926,73,25,1,2
0.7889520316183353,72,26,1,2
0.7958418074770026,71,27,1,2
0.8064190115683597,70,28,1,2
0.8140677467428123,69,29,1,2
0.8195196199930436,68,30,1,2
0.820663369938303,67,31,1,2
0.8232272115680922,66,32,1,2
0.8236358671974445,66,31,2,2
0.8251322974829799,65,32,2,2
0.8404276153661538,64,33,2,2
0.8414468854276933,63,34,2,2
0.8475682294255587,62,35,2,2
0.849609112634084,61,36,2,2
0.8499399502140642,60,37,2,2
0.8582847117378415,59,38,2,2
0.8714471510670722,58,39,2,2
0.8723523398984939,57,40,2,2
0.883632724609655,56,41,2,2
0.8886743713663176,55,42,2,2
0.8994128470603792,55,41,3,2
0.8997388861605394,54,42,3,2
0.9075817351675437,53,43,3,2
0.9082148861364826,52,44,3,2
0.9114672009988187,51,45,3,2
0.9116047164447153,50,46,3,2
0.9123738110535399,49,47,3,2
0.9166615799232808,48,48,3,2
0.9206301556063646,47,49,3,2
0.9220437449686035,46,50,3,2
0.9319690468775296,45,51,3,2
0.9341847912548393,45,50,4,2
0.9457716302525107,44,51,4,2
0.9518039410509624,43,52,4,2
0.9612799783068613,43,51,5,2
0.9717698281181956,42,52,5,2
0.9754582281001155,41,53,5,2
0.9764666867081974,40,54,5,2
0.980523270837062,39,55,5,2
0.9826074162635307,39,54,6,2
0.9841918945616458,38,55,6,2
0.9871860248882731,37,56,6,2
0.99481225701373,36,57,6,2
1.0061316322529155,35,58,6,2
1.007030296332024,34,59,6,2
1.0073664028509268,33,60,6,2
1.0115270758646127,33,59,7,2
1.0141107306155395,32,60,7,2
1.0189149266019322,31,61,7,2
1.0213907069705637,30,62,7,2
1.0310972495672748,29,63,7,2
1.0363295654851412,28,64,7,2
1.0416162115389906,27,65,7,2
1.051749094598386,26,66,7,2
1.055000050202207,25,67,7,2
1.06582451153976,24,68,7,2
1.0695568608944788,24,67,8,2
1.0700494379744914,23,68,8,2
1.0748651984289466,22,69,8,2
1.0957560642328745,21,70,8,2
1.0975772906225,20,71,8,2
1.0993948751361804,19,72,8,2
1.1234640883386924,18,73,8,2
1.1287884320298893,17,74,8,2
1.1382756266895568,17,73,9,2
1.1394367836990429,16,74,9,2
1.1542406492169304,15,75,9,2
1.1648635236357505,15,74,10,2
1.1699724108723042,14,75,10,2
1.1722783404974528,13,76,10,2
1.1831942082632865,12,77,10,2
1.1834768391465087,12,76,11,2
1.2221749880101296,11,77,11,2
1.2242601998633367,11,76,12,2
1.2290428873159656,11,75,13,2
1.2302829554170185,10,76,13,2
1.2462966936597293,10,75,14,2
1.2523585056377973,9,76,14,2
1.2642920491712284,9,75,15,2
1.2731255165043434,9,74,16,2
1.2790192091683408,8,75,16,2
1.2828780285335628,8,74,17,2
1.295274805171111,7,75,17,2
1.3220534570536595,7,74,18,2
1.367412393224666,7,73,19,2
1.3675827658150777,6,74,19,2
1.4254656044442853,5,75,19,2
1.4340976773227991,5,74,20,2
1.442887877932973,5,73,21,2
1.4437200720429348,4,74,21,2
1.511479527678583,4,73,22,2
1.5392255047032433,3,74,22,2
1.551396012580857,3,73,23,2
1.5601815299227666,3,72,24,2
1.5683965697270603,3,71,25,2
1.5687612817619785,3,70,26,2
1.5804456354792749,3,69,27,2
1.5957311579382234,3,68,28,2
1.6651495340175018,3,67,29,2
1.67383039150961,3,66,30,2
1.722238053444461,3,65,31,2
1.756500771261358,3,64,32,2
1.7578924415244646,3,63,33,2
1.812120087728261,3,62,34,2
1.8326092436665096,3,61,35,2
1.8367822648697698,3,60,36,2
1.843070481714255,2,61,36,2
1.8852214152681992,2,60,37,2
1.9468272375423559,2,59,38,2
1.9734311449897928,1,60,38,2
1.9776977490520575,1,59,39,2
1.9967723020226917,1,58,40,2
2.1344460840656194,1,57,41,2
2.1607111229812843,1,56,42,2
2.167380197568744,1,55,43,2
2.1770225846955156,1,54,44,2
2.1854732805643735,1,53,45,2
2.2252556895774602,1,52,46,2
2.230998401865617,1,51,47,2
2.242092020336645,1,50,48,2
2.242617818164956,1,49,49,2
2.321242378660216,1,48,50,2
2.3429451313151177,1,47,51,2
2.3757452762967612,1,46,52,2
2.3851176217934795,1,45,53,2
2.3938774774026506,1,44,54,2
2.4816440215661375,1,43,55,2
2.4951618732803245,1,42,56,2
2.6341220562992795,1,41,57,2
2.662442692383162,1,40,58,2
2.676274170880866,1,39,59,2
2.694400046026088,1,38,60,2
2.8233240216664894,1,37,61,2
2.840236187037826,1,36,62,2
2.8632550230955434,1,35,63,2
2.888169124027098,1,34,64,2
2.942303779333663,1,33,65,2
3.0406374259127382,1,32,66,2
3.0866224378676015,1,31,67,2
3.123624910007122,1,30,68,2
3.1457743742916513,0,31,68,2
3.1773117412253193,0,30,69,2
3.2864279412525814,0,29,70,2
3.3245452625520993,0,28,71,2
3.3906507127068912,0,27,72,2
3.515593578941394,0,26,73,2
3.684070994266705,0,25,74,2
3.7757339623621133,0,24,75,2
3.8137255759822204,0,23,76,2
3.8165176867535937,0,22,77,2
3.950793970488612,0,21,78,2
3.991139338249164,0,20,79,2
4.05864068377795,0,19,80,2
4.2911122619678315,0,18,81,2
4.355343142810985,0,17,82,2
4.462297032257001,0,16,83,2
4.693686152295336,0,15,84,2
4.865265322422218,0,14,85,2
4.924754437599425,0,13,86,2
4.9468635472930735,0,12,87,2
4.953225218461821,0,11,88,2
5.074818789565906,0,10,89,2
5.4801214675760885,0,9,90,2
5.544686900466297,0,8,91,2
5.679831024182007,0,7,92,2
5.895761386916218,0,6,93,2
7.404340583444382,0,5,94,2
8.627765587601008,0,4,95,2
9.516261991212788,0,3,96,2
9.683020928139616,0,2,97,2
11.32802696572296,0,1,98,2
21.998909758762963,0,0,99,2
0.0,98,1,0,3
0.24738063971478194,97,2,0,3
0.29348509565753195,96,3,0,3
0.3192400505290864,95,4,0,3
0.40654565541573007,94,5,0,3
0.4068182069682384,93,6,0,3
0.4270984955849549,92,7,0,3
0.4289853592401738,91,8,0,3
0.4341087132401975,90,9,0,3
0.436601795243691,89,10,0,3
0.446743723268837,88,11,0,3
0.45847680794555534,87,12,0,3
0.48834806873657716,86,13,0,3
0.4951896081352499,86,12,1,3
0.5370908440735833,85,13,1,3
0.5430606559029725,84,14,1,3
0.5518234991601526,83,15,1,3
0.555905483213601,82,16,1,3
0.556300798843169,81,17,1,3
0.5589543449574317,80,18,1,3
0.5688862455073759,79,19,1,3
0.5738481862582351,78,20,1,3
0.5913563532367818,77,21,1,3
0.591726300477318,76,22,1,3
0.5946677107184778,75,23,1,3
0.6147844045338008,74,24,1,3
0.6163120244527898,73,25,1,3
0.6171050206769588,72,26,1,3
0.61899105881165,71,27,1,3
0.6353215597436125,70,28,1,3
0.63646949160383,69,29,1,3
0.6474602526597878,68,30,1,3
0.6475404458818633,67,31,1,3
0.6663350325145643,66,32,1,3
0.6802722597441779,65,33,1,3
0.6810667735371312,64,34,1,3
0.6823540736222778,64,33,2,3
0.690545909612188,63,34,2,3
0.695697546723894,62,35,2,3
0.7125759518629179,62,34,3,3
0.7244522390691394,61,35,3,3
0.7285922076083862,60,36,3,3
0.7362094283021672,59,37,3,3
0.7369439074587589,58,38,3,3
0.7451599864353772,57,39,3,3
0.7511874164837191,56,40,3,3
0.7542326478626997,55,41,3,3
0.7578918074091037,54,42,3,3
0.7613830782186983,53,43,3,3
0.7659426441154028,52,44,3,3
0.7696416708484433,51,45,3,3
0.773064227520227,50,46,3,3
0.7760368148197369,49,47,3,3
0.7847938185855522,48,48,3,3
0.796971198264363,48,47,4,3
0.8047008559951168,48,46,5,3
0.8251691737843646,47,47,5,3
0.8262997479728941,46,48,5,3
0.827065979350933,45,49,5,3
0.8289949267409784,44,50,5,3
0.836469709829762,43,51,5,3
0.8431191280918254,42,52,5,3
0.8446387343421898,41,53,5,3
0.85435328609889,40,54,5,3
0.8621045242797332,39,55,5,3
0.8690425390338608,38,56,5,3
0.8779070533136853,37,57,5,3
0.8780973993250525,37,56,6,3
0.9189394216393953,36,57,6,3
0.9319796949445154,35,58,6,3
0.9355828288539043,35,57,7,3
0.9371712116210803,34,58,7,3
0.9441018152949727,33,59,7,3
0.9455545209019119,32,60,7,3
0.9485468927891738,31,61,7,3
0.9528178905498795,30,62,7,3
0.954617372709035,29,63,7,3
0.9582387513218903,28,64,7,3
0.9661172655897918,27,65,7,3
0.9776964840229172,26,66,7,3
0.9826260069588,26,65,8,3
0.9871816688001434,25,66,8,3
0.996183719509168,25,65,9,3
1.0008325027024392,25,64,10,3
1.003574633078463,24,65,10,3
1.043762323176985,23,66,10,3
1.0459409228314134,22,67,10,3
1.0459736079542588,22,66,11,3
1.048958739204174,22,65,12,3
1.053889520024128,21,66,12,3
1.0642003386295793,20,67,12,3
1.0712913796441195,19,68,12,3
1.0779536001487895,18,69,12,3
1.0788790111467168,17,70,12,3
1.0863340072459136,17,69,13,3
1.0872662639571695,16,70,13,3
1.1475692495865815,15,71,13,3
1.1476676885539137,15,70,14,3
1.1663814474331797,14,71,14,3
1.1772303467840304,13,72,14,3
1.1953797442564826,13,71,15,3
1.204716307090472,13,70,16,3
1.2048462188003186,12,71,16,3
1.2100701239954184,12,70,17,3
1.2346049922952531,11,71,17,3
1.2368387326814774,11,70,18,3
1.2596329225462224,10,71,18,3
1.2717173014203587,10,70,19,3
1.2935222938871194,10,69,20,3
1.2951509253825544,9,70,20,3
1.299492133247967,8,71,20,3
1.3154442033673854,8,70,21,3
1.3239172248093314,7,71,21,3
1.336871247729706,6,72,21,3
1.3388000519646472,6,71,22,3
1.3495378287293873,5,72,22,3
1.3581895321547341,5,71,23,3
1.362780638971261,5,70,24,3
1.3790059541168718,5,69,25,3
1.3864312047134357,4,70,25,3
1.3917645355230588,4,69,26,3
1.3980851883036394,3,70,26,3
1.4146769109015724,3,69,27,3
1.4307908562316818,3,68,28,3
1.4899532170559093,3,67,29,3
1.5046614179128455,3,66,30,3
1.5068717729749581,3,65,31,3
1.568715211259333,3,64,32,3
1.5731824339107994,2,65,32,3
1.5844101273909488,2,64,33,3
1.5997055411636134,2,63,34,3
1.6303965938854708,2,62,35,3
1.6694313953889424,2,61,36,3
1.6779943644365416,2,60,37,3
1.6930858789754077,2,59,38,3
1.768500697339891,1,60,38,3
1.7746813153660472,0,61,38,3
1.857795043953308,0,60,39,3
1.8877384965329196,0,59,40,3
1.9541528411026763,0,58,41,3
1.9553275223112352,0,57,42,3
1.9584986213109243,0,56,43,3
1.9655121994689995,0,55,44,3
2.016282518938125,0,54,45,3
2.019878564795057,0,53,46,3
2.2495101833637663,0,52,47,3
2.375887420734479,0,51,48,3
2.4053555094684715,0,50,49,3
2.4443098707353133,0,49,50,3
2.48201316440062,0,48,51,3
2.493009130313611,0,47,52,3
2.515536139757373,0,46,53,3
2.547415357281215,0,45,54,3
2.6101734062293995,0,44,55,3
2.656848767034346,0,43,56,3
2.724121759014394,0,42,57,3
2.7276629225832143,0,41,58,3
2.810152359380816,0,40,59,3
2.8476623348444634,0,39,60,3
2.8586425171665484,0,38,61,3
2.881427261896359,0,37,62,3
2.8888054452230874,0,36,63,3
2.8992788921621053,0,35,64,3
2.9129359771747496,0,34,65,3
2.9684626350065124,0,33,66,3
3.0772243011549376,0,32,67,3
3.154723123273671,0,31,68,3
3.1713694474960636,0,30,69,3
3.185326167078031,0,29,70,3
3.2535605739206725,0,28,71,3
3.3660284916605625,0,27,72,3
3.5145213982981125,0,26,73,3
3.616510045171419,0,25,74,3
3.797697021050617,0,24,75,3
4.037428047549559,0,23,76,3
4.085237746392064,0,22,77,3
4.098235783441318,0,21,78,3
4.198200564393085,0,20,79,3
4.487602877030779,0,19,80,3
4.488176432246193,0,18,81,3
4.496757138076451,0,17,82,3
4.512224717458665,0,16,83,3
4.529399387612886,0,15,84,3
4.550432624475179,0,14,85,3
4.604170767402834,0,13,86,3
5.11736216315334,0,12,87,3
5.215963894095077,0,11,88,3
5.224308599745193,0,10,89,3
5.544546478472424,0,9,90,3
5.841775467885638,0,8,91,3
5.966966822630818,0,7,92,3
6.219061752393673,0,6,93,3
6.254270196950738,0,5,94,3
6.386277886679831,0,4,95,3
6.876556883526889,0,3,96,3
7.2361032802581535,0,2,97,3
7.248771606061048,0,1,98,3
11.563000677527844,0,0,99,3
0.0,98,1,0,4
0.23238848313531976,97,2,0,4
0.24155880161739535,96,3,0,4
0.2473461775259625,95,4,0,4
0.28267210287242195,94,5,0,4
0.3001190156628771,93,6,0,4
0.3025328807939298,92,7,0,4
0.3115266898672731,91,8,0,4
0.33535829280496765,90,9,0,4
0.35486269479048826,89,10,0,4
0.36294714701327296,88,11,0,4
0.4094390449042377,87,12,0,4
0.4103406636019818,86,13,0,4
0.4560902126900174,86,12,1,4
0.4684545734860639,85,13,1,4
0.4765480891865683,84,14,1,4
0.49411284425421953,83,15,1,4
0.4994467156821985,82,16,1,4
0.502349306839761,82,15,2,4
0.5063030125902529,81,16,2,4
0.5245260077304953,80,17,2,4
0.5364581968620897,79,18,2,4
0.5556470113776746,78,19,2,4
0.5641775164557947,77,20,2,4
0.5717807705053884,76,21,2,4
0.5756566410287094,75,22,2,4
0.5773664296884975,74,23,2,4
0.6037718446103649,73,24,2,4
0.6090582365409953,73,23,3,4
0.6091678918992538,72,24,3,4
0.6299226575627226,71,25,3,4
0.633959918053482,70,26,3,4
0.6364803288191657,69,27,3,4
0.6461556143339031,68,28,3,4
0.6471802517382982,67,29,3,4
0.650482102404994,66,30,3,4
0.6901599846581068,65,31,3,4
0.6965102837830577,64,32,3,4
0.6972057139253804,63,33,3,4
0.7230270569847084,62,34,3,4
0.7236596336259372,61,35,3,4
0.7249730283948567,60,36,3,4
0.7321781914537127,59,37,3,4
0.7343049131805076,58,38,3,4
0.748626022496741,57,39,3,4
0.7491720879350973,56,40,3,4
0.7507795338960547,55,41,3,4
0.7542116278207479,55,40,4,4
0.7630910357885838,54,41,4,4
0.7632380373350062,53,42,4,4
0.7718770597598476,52,43,4,4
0.7803341030364003,52,42,5,4
0.7878989925620428,51,43,5,4
0.7913768032590347,50,44,5,4
0.793213382303131,50,43,6,4
0.7948205997385427,50,42,7,4
0.7963701679055435,49,43,7,4
0.8091672980951559,48,44,7,4
0.8116710190297692,47,45,7,4
0.8120099082363754,46,46,7,4
0.8157198260846478,45,47,7,4
0.8339775232552478,44,48,7,4
0.8379359510077381,43,49,7,4
0.8430130805626371,42,50,7,4
0.8439810546363393,41,51,7,4
0.8480586477514374,40,52,7,4
0.8488684671450178,39,53,7,4
0.8509671389626801,39,52,8,4
0.8519523416137705,38,53,8,4
0.8550083710768571,37,54,8,4
0.8582816294670572,36,55,8,4
0.8674407219723548,35,56,8,4
0.8693272077463303,34,57,8,4
0.8752152732251095,34,56,9,4
0.8912509686434767,33,57,9,4
0.9047277970165206,32,58,9,4
0.9133404598024147,31,59,9,4
0.91473197955619,30,60,9,4
0.919061110966694,29,61,9,4
0.9280489780477177,28,62,9,4
0.9328163524068896,27,63,9,4
0.9346393745589561,27,62,10,4
0.9347806361235771,26,63,10,4
0.9360841175606578,26,62,11,4
0.9404290753973819,25,63,11,4
0.9500593979796559,25,62,12,4
0.9737796164929606,24,63,12,4
0.9755813533791038,23,64,12,4
0.9797845205408652,22,65,12,4
0.9936765505617295,21,66,12,4
1.0108325262356592,21,65,13,4
1.0111283512498648,21,64,14,4
1.0131733614202176,20,65,14,4
1.0152107438135047,20,64,15,4
1.0172374378822675,20,63,16,4
1.0305307855689696,20,62,17,4
1.0348529477006163,19,63,17,4
1.0548935277419453,19,62,18,4
1.093161627675692,18,63,18,4
1.1077959255645617,17,64,18,4
1.112517119652578,17,63,19,4
1.115007752703979,16,64,19,4
1.1240887624576261,16,63,20,4
1.1338836660042289,16,62,21,4
1.1374244911924323,16,61,22,4
1.1401871598097717,15,62,22,4
1.1418751270753311,14,63,22,4
1.1443593722877603,13,64,22,4
1.1890710231604527,12,65,22,4
1.2296597943161771,11,66,22,4
1.2725094972357125,10,67,22,4
1.2779175935042921,10,66,23,4
1.2847626907884746,9,67,23,4
1.3076181251394412,8,68,23,4
1.3165272919101603,8,67,24,4
1.3216023317372665,8,66,25,4
1.3656626623793964,8,65,26,4
1.4245158805457023,7,66,26,4
1.432836808673722,6,67,26,4
1.4388356961037916,5,68,26,4
1.4413948415964144,5,67,27,4
1.4433114150722641,5,66,28,4
1.4582928687159118,4,67,28,4
1.4668227728541305,3,68,28,4
1.5078184666886805,3,67,29,4
1.5390224011996099,3,66,30,4
1.540368531515548,3,65,31,4
1.54774781008374,3,64,32,4
1.5769075813499502,3,63,33,4
1.6302366746972157,3,62,34,4
1.64430459084464,2,63,34,4
1.6880128357033817,2,62,35,4
1.7021017191742809,2,61,36,4
1.707239390218631,2,60,37,4
1.7286260592009308,2,59,38,4
1.7870118502820516,2,58,39,4
1.7942116550548595,2,57,40,4
1.808730143353276,2,56,41,4
1.81296910656824,2,55,42,4
1.819757644634402,2,54,43,4
1.8217188101077,2,53,44,4
1.8634236226343535,2,52,45,4
1.8927145786832158,2,51,46,4
1.938881464574129,2,50,47,4
1.9600454397255291,2,49,48,4
1.9741271032297454,2,48,49,4
2.0324416978617315,2,47,50,4
2.0964490769284865,2,46,51,4
2.1002374849901457,1,47,51,4
2.124912707145932,1,46,52,4
2.1277859308048885,1,45,53,4
2.182640722653851,1,44,54,4
2.206152913996057,1,43,55,4
2.219054852427306,1,42,56,4
2.2684067990536714,0,43,56,4
2.355374549086112,0,42,57,4
2.3808503148750595,0,41,58,4
2.4238614343377525,0,40,59,4
2.424859460976812,0,39,60,4
2.47582122643806,0,38,61,4
2.5337891916812323,0,37,62,4
2.5605107210618967,0,36,63,4
2.59815635602663,0,35,64,4
2.6273920708536647,0,34,65,4
2.6685003796801787,0,33,66,4
2.7019304512386375,0,32,67,4
2.7196629100735046,0,31,68,4
2.7336261855154285,0,30,69,4
2.750519757129692,0,29,70,4
2.9202633582771473,0,28,71,4
3.256269286759299,0,27,72,4
3.3286926683918194,0,26,73,4
3.4086384970810917,0,25,74,4
3.443134992611661,0,24,75,4
3.650309383896491,0,23,76,4
3.6513218165389123,0,22,77,4
3.7935129307058824,0,21,78,4
3.8287962498297414,0,20,79,4
3.8323982256131224,0,19,80,4
3.9351731598222504,0,18,81,4
4.0434260633709345,0,17,82,4
4.092166415889026,0,16,83,4
4.122015842005556,0,15,84,4
4.191598982597813,0,14,85,4
4.259912398611257,0,13,86,4
4.536866491908222,0,12,87,4
4.914851823048943,0,11,88,4
4.925240656647516,0,10,89,4
5.332116673150634,0,9,90,4
5.3865181705118,0,8,91,4
5.450583083296334,0,7,92,4
5.452603968871159,0,6,93,4
5.520358512585668,0,5,94,4
5.9452656334270735,0,4,95,4
7.095079792101824,0,3,96,4
8.878673720923718,0,2,97,4
9.40492488522985,0,1,98,4
11.479983815223477,0,0,99,4
0.0,98,1,0,5
0.16405015882907018,97,2,0,5
0.4021370593429889,96,3,0,5
0.45251190121314433,95,4,0,5
0.45359058066714464,94,5,0,5
0.493615833797069,93,6,0,5
0.5362901603387858,92,7,0,5
0.5471183188718253,91,8,0,5
0.5480466895429282,90,9,0,5
0.5499193396217251,89,10,0,5
0.5738300579067606,88,11,0,5
0.5803248657594274,87,12,0,5
0.5809687912546357,86,13,0,5
0.5932132886289551,85,14,0,5
0.6287742151687499,84,15,0,5
0.6326650901715617,83,16,0,5
0.6341652487780984,82,17,0,5
0.6658021011031888,81,18,0,5
0.6671641771751647,80,19,0,5
0.6725026637473146,79,20,0,5
0.6792932227115216,78,21,0,5
0.6836072313230102,77,22,0,5
0.6857355099518526,76,23,0,5
0.6889394594713595,75,24,0,5
0.6987117659795555,74,25,0,5
0.6993490328737475,73,26,0,5
0.712685242097039,72,27,0,5
0.7138253436552393,71,28,0,5
0.7154121342439618,70,29,0,5
0.7236979884457083,69,30,0,5
0.7291068121112395,69,29,1,5
0.7354575103831458,68,30,1,5
0.7375821612802568,67,31,1,5
0.737682613451662,66,32,1,5
0.7379977827566923,65,33,1,5
0.7628462319350547,64,34,1,5
0.7698828961259634,63,35,1,5
0.7799350722251858,62,36,1,5
0.7866719624469986,61,37,1,5
0.78729670570082,60,38,1,5
0.7910416436525887,59,39,1,5
0.8014062930792557,59,38,2,5
0.8061296784441436,58,39,2,5
0.8107915761938711,57,40,2,5
0.811335419496799,56,41,2,5
0.8304814307672909,55,42,2,5
0.8346597602293816,54,43,2,5
0.8349463203594372,53,44,2,5
0.8367503551816374,52,45,2,5
0.8484327229899592,51,46,2,5
0.8516043708001897,50,47,2,5
0.8579566719257813,50,46,3,5
0.8631988173339412,49,47,3,5
0.86749816718472,48,48,3,5
0.8814900133891029,48,47,4,5
0.8912205265536601,48,46,5,5
0.8946302249854717,47,47,5,5
0.8996618963364118,46,48,5,5
0.9002743023516174,45,49,5,5
0.9094041735112666,44,50,5,5
0.9172379295150441,43,51,5,5
0.9188144273459757,42,52,5,5
0.9238966796917506,41,53,5,5
0.938033439797982,40,54,5,5
0.9400573344001932,39,55,5,5
0.943804116986058,38,56,5,5
0.9474703572691413,38,55,6,5
0.957194676593581,37,56,6,5
0.9700380202903965,37,55,7,5
0.9731190415624662,36,56,7,5
0.9753969308908267,35,57,7,5
0.9849836530664614,34,58,7,5
0.9872082888563821,33,59,7,5
0.9872866962812987,33,58,8,5
0.9911190193061084,32,59,8,5
1.0188469554771045,31,60,8,5
1.0228858593443995,30,61,8,5
1.0377911897459877,29,62,8,5
1.0413880262119948,28,63,8,5
1.0519791409004862,27,64,8,5
1.055049904904124,27,63,9,5
1.057782919247691,26,64,9,5
1.0629727286274728,25,65,9,5
1.078336590021052,24,66,9,5
1.098231029736757,23,67,9,5
1.1064441690116902,22,68,9,5
1.1103952613849226,22,67,10,5
1.1285860042236728,21,68,10,5
1.1352994846603925,20,69,10,5
1.1367716072226683,19,70,10,5
1.1504786797690991,19,69,11,5
1.1681413708232007,19,68,12,5
1.1725404433551563,19,67,13,5
1.1771767974939957,18,68,13,5
1.1904174322901901,17,69,13,5
1.2086173197415775,16,70,13,5
1.2200282220699519,15,71,13,5
1.2543885824281418,15,70,14,5
1.2637511909227424,14,71,14,5
1.2658347465555415,14,70,15,5
1.2662834364579796,13,71,15,5
1.2858793332751268,13,70,16,5
1.3144116140301034,13,69,17,5
1.3179502542348223,13,68,18,5
1.3363470790492753,13,67,19,5
1.3599596993157297,12,68,19,5
1.3624625335918206,12,67,20,5
1.3711513181629231,12,66,21,5
1.3723458346612478,12,65,22,5
1.3725860219122858,12,64,23,5
1.3838591329897063,11,65,23,5
1.4523743204551336,10,66,23,5
1.4784805944671,10,65,24,5
1.4788565595329035,10,64,25,5
1.480279860185506,9,65,25,5
1.4860432837043427,9,64,26,5
1.4987186828079668,9,63,27,5
1.5073588779326543,8,64,27,5
1.511951137968618,7,65,27,5
1.579355138088853,6,66,27,5
1.6074032884584195,5,67,27,5
1.6326025661023589,5,66,28,5
1.6362356901382562,5,65,29,5
1.6373770631623545,5,64,30,5
1.6485571984318725,4,65,30,5
1.6642051275222887,4,64,31,5
1.6691462193412998,4,63,32,5
1.7356448243819338,4,62,33,5
1.7948905355641425,4,61,34,5
1.8074047141010638,4,60,35,5
1.8455532647160822,4,59,36,5
1.8572282643067393,4,58,37,5
1.8778796901068497,4,57,38,5
1.8998004029139308,4,56,39,5
2.023363826273188,4,55,40,5
2.1388600911649287,4,54,41,5
2.163443334065321,4,53,42,5
2.1850548610980924,4,52,43,5
2.193282738654299,4,51,44,5
2.2226320748474566,4,50,45,5
2.2505119741243336,4,49,46,5
2.2636217625807102,4,48,47,5
2.3218495181643077,3,49,47,5
2.4090016162537955,3,48,48,5
2.458295406757974,3,47,49,5
2.4655348112514943,3,46,50,5
2.4811355870823797,3,45,51,5
2.4859071729115936,2,46,51,5
2.491722902999541,2,45,52,5
2.511547670462062,2,44,53,5
2.518974613435888,2,43,54,5
2.6925799588470967,2,42,55,5
2.7251823830079096,2,41,56,5
2.841232364123922,1,42,56,5
2.8638028822405848,1,41,57,5
2.903700269698763,1,40,58,5
3.0554927211838656,1,39,59,5
3.1045106896467503,1,38,60,5
3.2260864626964256,1,37,61,5
3.261066320675102,1,36,62,5
3.287522926660564,1,35,63,5
3.4371890106184266,1,34,64,5
3.4608144129290923,1,33,65,5
3.4648127480806865,1,32,66,5
3.5555190994693904,1,31,67,5
3.5743362680615376,1,30,68,5
3.68143819260081,1,29,69,5
3.6915327142523036,1,28,70,5
3.803349851632274,1,27,71,5
3.84451527447921,1,26,72,5
3.8598268131561,1,25,73,5
3.8768292863439733,1,24,74,5
3.898879201968108,0,25,74,5
3.9126668557075903,0,24,75,5
3.980592045928903,0,23,76,5
4.115740958594142,0,22,77,5
4.228398980932138,0,21,78,5
4.229318364671932,0,20,79,5
4.3424874505589015,0,19,80,5
4.4623841010263945,0,18,81,5
4.498303821075466,0,17,82,5
4.505258678191088,0,16,83,5
4.537070986071636,0,15,84,5
4.547367506221953,0,14,85,5
4.602486296363753,0,13,86,5
4.703026168717219,0,12,87,5
4.7502413157211425,0,11,88,5
5.185869508552741,0,10,89,5
5.806791689001994,0,9,90,5
5.859317452168628,0,8,91,5
6.056576699604063,0,7,92,5
6.462099626245589,0,6,93,5
6.530700905125409,0,5,94,5
8.13992334461626,0,4,95,5
8.508035030652454,0,3,96,5
8.812670553420212,0,2,97,5
9.329740067486057,0,1,98,5
9.735511508685367,0,0,99,5
